199
1 34 956 3.000000
2 790 665 2.400000
3 393 151 2.000000
4 319 359 1.700000
5 42 160 1.700000
6 930 624 1.300000
7 237 120 0.000000
8 947 842 3.300000
9 439 228 2.400000
10 293 962 1.300000
11 681 153 3.000000
12 995 564 0.000000
13 168 139 1.000000
14 980 303 2.500000
15 788 977 3.000000
16 598 780 1.000000
17 806 908 1.700000
18 128 207 2.400000
19 363 792 2.500000
20 687 249 1.300000
21 994 418 1.700000
22 29 431 1.700000
23 682 779 0.000000
24 939 747 3.300000
25 291 798 1.300000
26 452 922 1.700000
27 691 200 2.500000
28 343 304 1.000000
29 46 250 1.700000
30 677 283 1.000000
31 98 905 2.500000
32 265 945 2.500000
33 853 664 2.400000
34 113 281 1.300000
35 540 417 2.400000
36 736 253 2.000000
37 49 760 1.000000
38 611 887 1.300000
39 284 844 2.000000
40 274 733 3.300000
41 461 978 1.700000
42 127 196 3.000000
43 961 630 2.400000
44 51 254 1.700000
45 60 213 2.500000
46 287 846 0.000000
47 618 874 2.400000
48 537 486 2.400000
49 650 367 1.300000
50 683 42 2.400000
51 630 837 2.400000
52 139 541 1.300000
53 220 133 0.000000
54 71 933 3.000000
55 144 67 1.700000
56 661 818 3.000000
57 236 550 0.000000
58 978 385 2.400000
59 871 690 3.000000
60 870 949 1.700000
61 488 299 3.300000
62 500 689 2.500000
63 149 538 1.300000
64 643 943 2.400000
65 529 400 0.000000
66 512 519 3.000000
67 411 616 1.000000
68 177 878 2.000000
69 782 492 3.300000
70 636 880 1.700000
71 154 745 0.000000
72 389 709 2.000000
73 458 58 3.300000
74 515 704 2.000000
75 519 654 1.300000
76 68 206 2.000000
77 746 61 0.000000
78 777 882 1.700000
79 536 201 2.400000
80 472 999 2.500000
81 996 902 1.300000
82 699 856 3.000000
83 810 834 3.300000
84 226 802 1.000000
85 156 286 1.300000
86 157 380 3.300000
87 285 872 0.000000
88 552 51 2.500000
89 692 371 3.000000
90 39 675 1.300000
91 653 937 0.000000
92 392 472 2.400000
93 222 428 3.300000
94 300 34 3.000000
95 924 68 3.000000
96 294 185 2.500000
97 565 205 1.300000
98 221 913 3.300000
99 223 448 1.300000
100 730 832 3.300000
101 837 136 3.300000
102 415 530 2.000000
103 785 349 3.000000
104 965 66 3.000000
105 927 148 1.300000
106 369 19 1.300000
107 827 331 3.000000
108 701 786 1.000000
109 87 4 1.300000
110 874 985 3.000000
111 100 361 3.300000
112 707 113 3.300000
113 286 229 0.000000
114 629 830 2.400000
115 58 114 2.400000
116 322 112 1.700000
117 155 98 1.300000
118 47 72 1.300000
119 368 357 2.000000
120 210 354 1.000000
121 278 197 1.700000
122 104 52 1.300000
123 385 44 2.000000
124 326 721 1.300000
125 396 907 1.700000
126 356 997 3.000000
127 453 183 2.000000
128 878 315 2.500000
129 435 941 1.300000
130 173 866 1.700000
131 516 936 1.000000
132 668 628 1.700000
133 478 455 2.000000
134 375 40 3.000000
135 634 959 0.000000
136 83 402 1.300000
137 32 981 3.300000
138 999 995 0.000000
139 553 705 3.300000
140 514 879 1.000000
141 734 685 2.000000
142 700 284 1.300000
143 312 226 1.000000
144 747 982 3.300000
145 819 79 1.000000
146 953 255 1.700000
147 520 118 0.000000
148 469 456 2.400000
149 247 81 0.000000
150 484 258 1.700000
151 904 55 3.000000
152 425 73 3.000000
153 2 217 2.400000
154 531 771 0.000000
155 355 415 1.300000
156 523 864 1.300000
157 573 713 0.000000
158 246 573 1.700000
159 986 748 2.500000
160 530 370 2.500000
161 442 469 1.300000
162 327 816 2.000000
163 476 852 2.000000
164 35 851 1.000000
165 214 535 0.000000
166 379 413 2.000000
167 779 512 3.300000
168 314 555 2.000000
169 600 810 2.400000
170 382 216 3.300000
171 805 946 2.400000
172 860 788 1.700000
173 533 587 1.300000
174 875 239 1.700000
175 330 365 2.000000
176 937 893 0.000000
177 391 38 1.700000
178 849 858 1.700000
179 556 642 0.000000
180 706 992 1.300000
181 455 947 2.400000
182 544 617 3.300000
183 631 171 3.300000
184 329 433 1.300000
185 405 339 2.500000
186 28 826 2.400000
187 270 672 3.300000
188 414 847 1.700000
189 962 537 1.300000
190 404 167 2.000000
191 796 524 1.700000
192 528 159 1.700000
193 95 307 2.500000
194 218 265 1.000000
195 79 499 3.300000
196 269 306 2.000000
197 492 562 3.300000
198 63 49 2.000000
199 601 766 1.000000
200 535 715 0.000000
